88
-2.662 1.713 0.989 3.346 3.22 1.128 -0.526 1.874 2.115 -2.224 4.237 -3.723 0.803 -1.897 2.883 -3.11 1.233 -0.484 1.21 1.808 -1.534 2.044 -3.32 -2.699 3.291 4.57 -2.437 -2.947 -2.812 -3.353 -1.236 1.634 1.582 -4.992 4.482 1.95 0.741 -0.25 4.03 -1.852 -1.751 -4.071 -1.688 2.754 -3.071 -2.863 -4.997 3.372 2.504 -0.712 -4.656 -2.331 -4.873 -2.557 -1.072 4.502 1.863 2.785 1.625 -0.061 4.225 -4.677 -0.207 -1.224 -3.62 -1.649 -3.489 -0.32 0.982 -1.028 4.141 -3.399 4.834 1.937 -0.625 4.782 3.347 2.102 1.8 -0.306 4.492 -1.214 4.708 -0.527 1.76 1.123 1.513 0.258 2.065 
-1.575 3.659 3.689 -3.71 -3.626 -3.916 -3.587 4.948 1.373 0.511 3.579 -4.066 -3.009 -4.162 -3.222 -3.582 -3.324 4.22 -0.841 2.536 -4.611 -3.51 -3.341 -4.779 0.929 3.99 -0.541 -3.482 1.931 -1.12 0.182 -4.726 1.885 0.69 -4.988 1.448 -3.045 0.864 -0.665 -3.858 -4.475 3.723 0.261 -0.645 -2.782 4.764 4.826 1.117 4.782 2.281 0.81 -1.449 -4.711 4.632 0.399 1.233 1.61 -1.307 0.24 2.829 -0.531 2.904 -2.685 2.371 -4.295 1.228 3.909 1.915 0.47 -4.416 -0.273 4.422 -2.797 2.51 -0.52 2.585 -4.2 2.875 -4.042 -1.063 0.573 0.254 2.873 2.007 -0.113 4.252 -2.395 -4.03 3.557 
-3.337 -3.431 -3.919 2.274 3.042 -3.042 -1.213 -4.483 4.883 1.097 -0.923 -1.153 -1.698 4.459 -3.776 4.957 2.186 1.441 1.25 -0.548 1.081 -3.675 -3.201 3.279 -4.441 1.301 -0.702 2.915 -1.47 2.72 4.977 0.791 -2.576 -2.634 1.871 -3.144 0.027 -2.671 -0.235 2.887 2.498 4.262 -1.273 -1.385 -3.733 1.349 4.202 2.193 -4.14 -4.389 1.902 -2.129 -3.074 0.122 4.613 -3.782 -3.199 4.237 0.032 -3.376 -2.266 4.768 -4.5 2.469 0.514 1.096 -0.547 1.221 2.552 3.553 3.678 1.432 -1.203 -0.917 -2.746 -1.182 -2.074 -4.586 -0.509 -1.593 3.539 -1.205 -1.587 2.538 0.694 2.239 -1.843 -2.242 -0.679 
2.436 -2.846 0.219 1.262 0.368 0.57 0.602 -1.682 1.888 3.091 -2.768 1.092 -1.757 3.252 2.218 0.631 -2.992 1.166 -0.405 -0.786 -0.227 -0.336 -4.005 0.905 -3.055 -3.488 0.332 -4.114 1.865 -0.095 -2.395 -0.926 1.119 -1.46 4.095 1.854 -1.193 3.378 2.152 -2.986 0.051 -1.511 -4.534 -1.112 0.301 -1.354 2.23 0.124 -4.134 -0.281 -3.959 -4.125 0.577 3.974 -1.349 -0.908 1.858 -1.422 4.559 -2.941 2.604 -0.136 -0.592 -1.924 -4.713 -3.385 -1.345 1.311 -3.581 -2.656 4.035 0.985 0.431 -1.221 -1.106 1.582 -4.846 -4.61 2.772 4.298 0.22 -0.239 -1.108 3.285 -2.628 3.106 4.836 -1.404 2.167 
-1.929 -4.37 -2.157 -2.12 2.95 -1.718 1.892 4.455 -2.899 1.593 0.27 -4.667 1.465 3.251 -1.568 -3.865 -3.06 0.283 -4.317 4.425 0.389 3.08 0.813 4.404 3.797 -3.421 3.316 3.03 1.15 -3.486 1.23 -2.917 4.699 -0.716 1.553 -3.177 3.95 -0.943 -0.719 -0.642 -4.113 3.624 2.935 -4.65 1.575 4.853 -3.144 -2.066 -4.652 -2.369 2.815 -4.593 -0.386 -0.161 -4.659 2.481 -2.758 1.821 1.364 3.142 -1.3 -1.169 -2.632 -2.388 -0.591 3.496 -3.524 1.359 1.097 2.784 4.505 1.918 4.205 -1.023 1.83 3.743 4.645 -1.86 0.884 0.307 3.528 1.2 2.678 2.256 0.56 -4.499 -4.395 3.244 -2.615 
4.086 2.028 -1.701 2.636 -2.832 -4.36 -0.753 0.942 -1.972 -2.806 -2.169 -1.345 -0.122 -4.472 -2.856 -2.96 -2.782 -1.124 1.081 0.799 4.656 -4.705 4.563 3.048 0.634 2.46 3.533 -2.378 2.545 -3.385 -4.104 -4.282 -0.175 -0.59 -4.724 -0.138 0.629 4.89 -1.312 4.924 -2.728 -0.011 1.201 -0.327 0.435 -4.331 -3.663 0.129 4.416 -1.528 3.351 4.455 4.821 2.389 -2.691 3.172 2.476 3.043 -1.006 -1.516 0.883 -2.431 4.317 -1.833 3.852 -1.144 2.358 1.923 -4.36 -0.933 -1.661 -3.664 1.048 -2.155 1.17 -2.958 0.628 2.165 -3.532 2.245 3.708 -2.699 3.275 2.893 -4.897 2.312 -2.578 1.03 0.734 
3.555 0.162 -2.89 -2.688 -3.973 -0.722 1.797 -2.924 2.142 2.54 2.602 -2.821 4.173 -1.944 -4.251 2.585 -0.917 -4.663 -3.67 1.652 0.389 2.336 3.937 3.327 2.522 4.085 -0.723 3.247 -1.312 3.766 -0.248 2.262 3.834 -1.353 -2.506 -0.446 1.158 -0.691 0.66 -0.628 -4.561 0.389 -3.449 0.67 2.475 -0.248 -4.593 -2.868 -0.016 2.448 -2.918 1.267 0.196 -0.148 -2.091 -2.569 3.882 2.32 1.902 3.11 0.89 1.07 0.37 -2.408 0.926 -2.4 4.098 -2.028 -0.959 -2.52 3.247 -2.196 -0.956 1.205 -3.824 -2.34 1.362 -4.687 -3.406 -3.357 -0.319 4.188 -2.87 2.966 2.951 -3.11 4.729 -4.103 -3.057 
-4.979 -3.676 0.782 -2.632 1.6 -3.22 0.723 -1.139 3.878 2.157 -3.567 -1.737 2.792 4.379 2.259 -2.816 -4.38 -4.648 4.139 2.368 2.275 4.101 1.105 0.085 2.508 -1.986 1.343 -4.688 -3.501 -0.242 3.853 -4.896 0.279 4.902 -4.122 -2.868 2.77 4.485 3.031 -1.193 -0.929 2.431 3.86 -4.951 0.306 1.419 -1.216 -1.266 -3.202 -2.823 -2.465 -4.013 -3.891 -1.791 -0.932 -2.616 -4.875 4.336 0.032 -1.499 1.992 2.213 1.625 3.669 1.447 0.883 -0.517 -3.704 -4.953 -3.377 1.011 -4.474 4.66 -2.129 4.323 2.481 3.745 -3.919 0.775 2.09 -4.098 1.649 -0.862 4.567 4.462 3.086 1.974 -3.111 -3.791 
4.889 2.666 -2.534 -2.735 0.432 -4.295 -2.745 0.208 -2.384 -1.128 -1.829 1.379 0.841 -0.533 2.495 1.082 -0.656 2.076 2.705 -3.39 3.66 4.972 1.304 -1.848 -2.902 0.6 1.301 4.115 -3.26 -0.155 -2.99 3.149 3.387 -3.435 -3.457 4.036 0.96 3.089 -1.786 0.589 -4.555 0.677 0.691 -1.346 -4.159 3.174 -2.749 -4.73 -4.573 -1.092 2.283 0.177 -2.95 -1.746 1.399 -2.509 -0.996 1.677 2.396 -2.248 -4.549 -4.789 2.335 -2.813 -2.201 0.086 1.327 -4.25 -0.633 -3.06 1.117 -0.291 -4.544 3.227 1.967 4.673 -1.696 3.449 3.621 -0.792 1.39 3.306 2.78 -2.534 -3.342 -2.362 -3.402 3.559 -0.658 
4.687 4.883 2.62 -3.746 -3.151 2.831 1.521 0.559 -3.339 -3.802 -0.159 -0.352 3.662 0.897 -2.1 2.811 3.471 4.568 4.115 4.689 -2.865 4.054 -1.892 -3.57 -4.317 0.739 -3.593 -2.464 1.488 -2.895 0.797 3.475 0.194 4.176 -1.884 -4.365 3.88 -2.401 2.156 3.773 -0.394 2.631 -4.955 -1.052 0.453 -2.107 1.298 -1.117 3.683 0.666 -2.462 0.782 4.036 -1.587 -3.005 -2.888 1.572 4.245 1.947 -1.533 -4.04 -4.76 -4.432 -4.573 4.775 1.744 -0.779 4.458 -1.572 -2.48 -0.221 3.191 1.232 -0.806 -2.745 2.98 -2.646 3.279 1.436 4.325 -0.491 -0.411 -3.293 -0.887 1.384 2.655 -1.957 -1.388 1.01 
-1.492 3.759 -2.845 -4.939 3.9 1.676 -2.362 -0.951 1.151 -0.427 -1.293 0.081 -3.479 -4.292 -4.001 -4.186 -4.11 -3.025 3.432 -0.335 -0.118 -3.735 1.674 1.444 2.754 1.873 -0.124 4.562 1.375 3.066 -0.781 2.812 -1.582 2.84 2.749 -0.679 -4.015 4.191 -4.387 1.642 3.939 -1.902 4.245 4.668 0.445 -2.079 4.983 -3.774 -2.895 3.442 2.21 -4.116 -3.321 4.821 2.56 2.505 -2.784 1.798 -2.958 0.621 -4.377 -3.26 -1.835 -0.745 1.214 -3.502 -3.597 -1.473 -2.81 -0.04 -0.147 1.157 -1.424 -1.53 2.253 -1.108 4.784 -3.542 -3.149 -0.605 1.582 -4.754 4.293 -1.582 -3.109 1.796 -2.078 3.975 -2.693 
2.828 3.098 0.071 -3.225 0.206 -3.19 -3.477 -1.734 -1.47 -0.199 1.31 4.183 -1.732 -2.835 -3.506 -0.779 -3.791 3.453 0.449 2.226 3.448 2.92 0.145 -2.783 -4.873 -0.274 -2.852 -2.054 2.103 1.769 4.885 -3.456 4.285 -1.407 -4.674 -0.974 4.706 -0.555 4.676 0.312 -3.251 -0.757 -1.059 -2.843 2.812 -0.072 3.281 4.553 -3.02 -3.56 3.541 3.916 4.546 0.126 0.896 -0.781 4.04 2.327 4.644 3.223 -1.729 -2.257 0.821 -1.443 -4.576 -3.701 -3.842 0.203 -2.414 -0.285 0.313 -1.211 -3.247 2.633 -4.094 4.548 2.452 -0.42 -4.415 -3.908 3.045 -2.336 -1.739 4.998 3.946 -3.339 2.109 -0.226 -3.854 
-3.178 -0.04 0.138 1.34 -3.817 1.207 4.774 -2.169 -4.463 1.685 -0.554 4.998 4.348 -4.019 -4.856 -3.217 4.986 4.984 2.093 -2.093 -4.89 0.355 3.499 1.871 -4.715 -0.764 -1.083 -2.929 -1.373 1.622 2.197 -1.723 -2.555 2.582 2.983 -4.848 -0.363 1.772 3.632 2.971 -2.443 -1.49 3.932 4.896 -1.603 4.176 -2.549 -1.911 -2.763 2.049 -0.338 4.797 4.913 -2.603 2.39 -0.696 4.84 -3.603 3.874 -4.743 2.666 0.396 1.862 4.421 4.043 3.964 2.55 1.524 4.246 3.925 -3.327 1.632 4.792 2.955 -4.105 -0.134 3.351 2.82 2.133 2.588 3.998 1.952 1.315 1.0 3.796 -1.386 4.583 -0.934 2.37 
0.215 3.845 -0.34 -1.299 0.834 0.728 1.865 4.262 -3.768 3.51 -0.389 -0.558 -1.173 1.036 0.63 -0.032 -4.407 -0.144 0.323 -1.99 3.519 2.066 -3.865 3.202 0.745 -3.874 -0.805 4.802 1.779 -2.901 1.071 3.174 -2.363 -4.209 3.739 -0.407 0.945 -2.013 1.332 0.892 -2.104 2.008 -1.442 3.859 -4.743 3.702 4.617 1.578 -2.501 -1.476 2.938 3.725 4.539 -0.432 -3.533 -1.377 1.984 4.719 -2.809 -3.518 -4.154 -4.936 3.937 -4.414 4.436 -2.13 1.582 -1.844 -4.167 1.471 -1.334 0.736 -0.698 3.201 -1.329 -3.855 2.205 -4.723 -4.431 -0.721 3.003 0.144 0.963 -0.33 2.728 -4.302 -3.048 -3.541 4.076 
-1.923 4.982 2.569 -3.199 0.546 2.805 -2.721 4.501 0.913 2.407 -3.099 2.103 -2.594 1.654 -3.683 -4.527 0.62 1.452 1.946 -3.937 -1.127 2.584 -3.244 1.014 -0.027 -1.181 -1.811 0.391 -0.605 -4.466 -4.4 -1.689 -4.739 -4.772 -0.312 0.732 -1.105 -0.694 -0.961 -1.449 -1.475 3.19 0.491 2.406 -0.444 0.934 2.345 -1.697 -2.979 -0.113 3.991 -2.466 -0.891 -2.728 -3.154 -4.112 -2.706 2.638 4.879 -0.786 -3.738 -1.951 -4.922 -2.327 -4.838 0.572 1.381 0.575 3.866 3.839 4.96 4.917 -1.528 4.045 -3.358 3.276 -1.771 3.351 4.069 1.328 -3.951 1.433 3.523 -1.366 2.51 -3.459 0.061 1.709 -2.209 
4.053 0.305 1.223 -3.388 1.622 -1.768 0.324 0.615 -2.257 -2.988 -1.075 4.464 -4.539 2.068 2.461 0.719 3.49 -2.955 -4.534 3.511 2.917 -0.079 2.583 1.015 1.813 -2.122 4.622 -4.697 -3.521 2.541 4.49 4.141 -1.222 -2.982 3.334 1.248 1.101 -2.19 3.129 3.972 -4.982 1.922 1.968 3.945 1.126 -3.798 3.703 -3.055 -1.474 -0.833 -4.017 -2.261 -4.102 2.705 1.976 3.774 -0.954 0.645 2.413 4.045 3.192 0.918 1.485 -4.255 3.973 -0.997 0.295 -1.71 -0.887 0.848 1.378 0.618 3.59 -2.708 3.034 0.803 -0.071 -2.946 1.396 -3.195 2.686 3.7 -2.879 -3.301 -4.155 -0.316 3.201 -1.094 4.644 
-4.761 3.314 -0.614 -4.113 -2.817 4.043 4.837 3.157 -4.205 -3.455 -1.913 -3.793 -0.322 -3.382 -2.295 1.123 3.893 -3.834 0.437 -2.646 1.561 2.374 3.42 0.283 -0.954 -2.522 2.723 0.956 -2.421 1.217 1.868 3.998 -1.871 1.423 0.429 1.497 -2.282 4.103 -1.74 -3.39 0.025 3.198 -1.44 3.706 4.378 -2.771 3.114 -4.27 3.923 -3.759 -2.496 -4.114 3.831 0.52 1.642 0.348 0.386 4.599 0.056 2.402 -1.931 2.101 0.904 1.293 2.769 -2.063 4.063 1.887 -1.324 -1.079 -0.834 -3.701 3.37 1.563 -2.916 2.206 -2.948 -1.418 -3.071 -2.935 -2.518 3.502 -2.623 -1.166 -2.18 0.183 -4.572 4.243 -3.974 
3.266 3.552 -1.948 -4.596 -3.438 3.138 0.062 1.012 -4.541 0.771 -4.12 -3.277 -2.637 -1.458 -1.529 0.347 -3.706 0.243 2.026 2.22 1.121 4.179 -2.963 1.749 2.784 -1.782 0.148 0.116 2.15 3.971 -3.157 1.01 -1.005 -4.193 -2.577 -2.435 -1.718 -4.403 2.181 -0.762 0.053 -1.375 1.497 -3.809 -1.856 -1.159 -3.166 0.737 4.066 1.699 3.449 -0.828 -1.849 -1.219 4.279 -3.551 3.028 -0.861 1.263 -1.38 -4.917 3.224 -3.552 -1.659 0.66 2.32 0.195 1.433 -2.965 -3.461 -2.034 -3.161 1.911 -4.19 -4.587 -3.597 0.497 -3.694 1.298 -3.282 -2.657 -4.351 -4.968 -2.388 -4.289 -4.708 2.029 1.648 1.941 
-0.78 2.142 2.623 2.238 3.455 -4.75 0.336 -4.758 -3.033 3.015 -3.032 -0.717 0.553 -0.664 2.643 -2.943 -0.906 2.527 -1.986 -1.076 -0.48 -3.201 4.009 2.706 -3.668 -1.799 0.046 3.353 -3.849 -3.936 -3.231 3.068 3.578 1.529 -0.883 -4.844 -0.738 4.586 2.991 -3.637 -1.036 3.639 -3.23 -2.569 3.801 0.048 -3.236 1.343 -3.241 0.663 -4.497 2.171 -4.424 -0.569 4.801 0.115 1.171 3.748 -1.861 -4.961 1.109 -2.572 -4.307 3.863 -4.395 -3.148 -4.567 4.433 -3.832 0.84 4.549 0.888 4.018 3.038 0.762 1.126 -4.633 2.354 -2.912 -3.796 -0.402 4.514 2.914 -0.906 3.286 3.081 3.486 4.087 -4.518 
-1.607 -1.59 -1.188 -0.371 -4.846 4.712 4.536 4.178 1.94 -0.981 -0.695 -3.439 -2.475 1.235 1.553 0.806 -1.523 1.142 -1.024 1.785 -0.607 3.647 3.879 -4.518 1.419 -0.02 -2.846 0.75 -1.93 -3.143 2.983 3.225 0.534 3.979 4.128 -4.44 -4.288 1.449 4.949 2.671 0.677 4.723 -0.494 3.196 -4.233 0.598 -1.159 4.67 -4.06 4.301 -2.022 -0.929 -1.788 3.611 -1.495 1.511 -0.356 3.607 -0.193 -0.327 -1.881 -0.71 -0.787 4.856 -3.849 3.679 -3.904 0.148 0.456 2.05 -2.669 -1.198 3.165 -4.66 -3.066 -4.073 2.083 1.467 2.828 -1.157 1.612 -1.7 3.043 -0.115 -0.775 -4.454 -3.666 -2.653 -2.385 
2.646 3.38 4.271 -2.968 -1.075 -0.727 -3.473 -2.289 -2.832 4.029 -2.179 -3.337 -4.971 4.794 -4.436 3.68 -3.609 -0.921 -1.018 -3.32 1.315 0.273 0.616 -1.737 -1.829 -0.789 -1.135 -1.347 -4.553 3.477 -3.443 -4.668 2.416 0.366 -1.187 2.974 -0.59 -3.587 4.066 0.006 -0.074 -0.045 0.644 -0.99 2.557 -0.121 -2.974 -3.687 4.72 -4.515 -2.886 -2.212 0.869 -4.822 -2.132 0.521 2.432 0.565 -2.864 -4.854 -4.121 -2.959 0.633 -0.754 1.168 -0.185 0.918 -4.846 3.222 0.109 3.678 0.33 -4.322 4.162 1.368 -2.054 1.326 4.931 -0.403 4.493 2.802 -0.016 4.99 -0.079 -1.676 -0.556 1.429 -1.631 2.773 
-0.809 2.52 1.734 -0.872 2.789 2.452 0.132 0.967 1.061 4.76 2.111 4.109 -3.115 -3.657 0.044 -3.56 0.453 4.826 4.346 4.671 0.448 1.258 -4.066 0.205 3.367 3.214 4.59 -3.935 1.408 -3.774 3.438 0.046 -0.811 1.774 0.663 -3.685 -0.9 -3.574 2.643 2.465 -2.571 0.698 4.014 -0.085 1.837 -1.581 -2.176 -1.466 -3.668 -3.567 1.754 -3.895 -3.058 1.215 1.244 0.306 4.656 -2.191 -4.318 4.303 0.613 -3.887 -2.731 2.981 2.78 -3.582 -0.396 -0.856 2.281 -3.699 -3.959 3.531 -3.233 0.237 1.006 -1.877 2.902 3.78 4.615 2.002 -1.251 -2.211 0.259 2.016 1.073 1.737 3.905 -1.832 3.448 
0.231 -1.336 -1.533 3.209 -3.043 0.851 -2.557 0.994 3.928 0.023 -2.761 -4.408 0.983 -0.486 3.955 3.729 2.24 4.681 3.093 3.601 3.636 3.817 -0.325 -3.403 -3.887 1.133 0.7 1.737 0.832 2.762 0.264 -2.072 -2.359 -3.417 -1.964 4.618 2.572 2.19 4.068 -0.614 -1.976 0.837 3.11 -4.105 -4.791 -3.091 2.421 1.282 3.586 -0.143 -4.607 4.385 -4.267 4.733 -0.235 3.889 4.128 3.729 2.495 -4.051 -1.968 -3.387 0.982 0.534 0.181 -2.297 0.053 -1.372 -2.958 -0.753 -0.359 -4.466 -3.957 2.044 -3.144 2.936 -4.563 -4.122 3.359 1.945 -3.853 1.873 -4.683 -4.013 -3.871 1.484 3.574 3.454 2.542 
-2.042 0.738 -0.036 0.665 4.75 -3.523 -1.716 1.489 1.6 4.851 -0.823 2.783 0.629 0.822 4.733 -3.538 -1.215 -3.592 2.28 4.222 4.857 -3.41 1.685 3.155 2.381 -1.663 -4.671 4.672 0.843 -4.271 -0.133 -1.759 3.431 4.425 0.196 -0.891 1.786 1.592 4.658 -1.843 -4.031 -3.23 -1.117 -1.256 -3.08 -1.755 4.511 3.162 3.253 -1.633 -3.434 1.783 -3.632 -4.344 2.943 3.558 0.313 0.99 -2.09 -3.106 1.383 4.055 -1.071 -4.317 -4.462 -3.99 -3.867 1.381 -2.976 -4.83 -1.752 -0.334 -2.057 -2.707 2.423 -2.754 3.706 0.608 0.262 -4.629 -3.114 -2.859 1.673 1.925 -4.552 -3.543 -3.729 0.688 -1.905 
-4.249 -1.198 -0.084 0.817 -1.151 2.004 0.75 -4.43 1.168 -3.152 1.188 3.22 0.851 -1.059 -4.054 4.265 4.6 -2.751 1.077 -1.48 1.988 1.592 -4.264 -0.162 -1.418 -2.68 -3.142 -4.391 -2.22 -4.822 -2.795 -4.027 3.9 0.748 -1.849 -4.97 1.391 -2.405 -3.437 -1.756 2.488 -0.925 0.034 -1.617 3.35 4.612 -0.925 -3.561 -3.888 4.16 1.966 4.32 -3.161 4.349 0.519 -0.404 -1.285 -2.819 -1.795 0.608 1.264 0.688 -3.209 3.417 2.49 2.813 -4.122 1.342 -3.551 1.623 1.754 2.644 -2.986 -3.309 -2.399 0.267 3.012 4.657 -4.745 3.047 -0.338 -1.317 1.561 -1.905 1.404 0.737 -1.355 2.125 -2.063 
-0.866 -2.233 -0.95 -2.849 2.182 -1.586 1.673 -4.53 3.912 -4.814 2.185 2.974 -2.642 -3.047 -1.472 1.568 -4.707 1.733 4.899 -4.888 4.497 2.88 -3.946 4.487 1.67 -3.685 0.004 4.771 -4.395 3.76 1.158 3.394 -2.754 1.436 -4.208 3.624 -2.029 -3.863 -4.024 0.208 -3.625 3.981 -4.776 2.79 -1.325 -0.411 1.351 4.478 2.445 -1.673 -0.661 -1.738 3.676 -1.385 3.196 0.165 1.158 2.134 -0.335 2.708 4.607 1.219 4.169 -2.274 0.595 3.388 4.194 -1.512 3.829 4.974 -4.668 0.776 -1.685 0.728 -0.929 -0.228 -4.514 4.025 0.805 -1.059 1.555 4.025 1.945 -1.42 2.136 -4.223 -0.484 -4.661 -2.089 
4.113 -0.419 0.789 1.474 4.391 3.35 -1.103 1.921 2.641 0.254 -4.413 -2.953 1.033 -3.035 -1.914 -1.877 -3.644 -1.108 -3.738 3.513 -0.982 -1.58 -2.136 1.341 -1.797 -2.045 -3.206 -4.997 2.495 -1.301 2.323 -2.041 -4.848 -3.891 -0.196 2.073 1.33 -0.126 -4.339 3.622 1.988 3.105 -0.282 -3.641 1.919 -0.41 -1.763 2.861 -2.939 -4.286 1.972 1.144 -4.872 -0.665 -3.636 -2.638 2.787 3.427 1.016 1.824 -3.123 0.189 -0.475 -4.737 -4.2 -2.12 -1.954 2.221 4.29 -4.487 2.527 2.421 -3.77 -3.214 -3.655 2.099 -4.748 -2.946 1.933 4.816 4.067 -1.469 0.016 -4.073 -3.054 2.655 -1.405 -4.228 2.332 
1.969 -3.859 -4.841 -4.527 -4.854 1.781 4.656 3.865 -0.692 2.196 2.486 -4.895 1.751 -2.509 4.112 1.054 3.458 2.653 3.386 -2.711 -0.792 -3.198 4.339 -0.397 4.6 -2.268 0.605 -3.033 -1.942 0.295 -4.41 2.321 2.412 0.126 1.223 4.772 -4.171 4.487 -2.36 3.664 3.927 2.322 2.871 2.848 -2.937 4.906 3.389 1.125 -1.057 -0.507 1.215 -4.459 -2.413 -2.38 -4.329 0.01 -1.417 -3.756 4.618 -0.268 0.682 -1.755 4.798 -1.667 -1.326 3.545 -4.065 -4.617 3.12 3.74 1.698 0.231 2.819 -0.882 0.662 2.488 -1.224 -4.85 1.894 0.651 -0.093 2.654 1.255 -3.393 -2.862 -0.061 -4.825 0.642 2.764 
0.254 4.926 -1.146 -3.107 -2.265 1.079 -3.649 0.167 -2.904 -1.302 -0.451 -3.699 3.838 4.775 -4.229 -2.435 2.439 -4.546 0.469 2.615 0.773 -2.187 0.395 3.141 0.359 -2.346 2.602 -3.378 2.795 -3.76 3.939 -1.163 1.15 -4.249 4.58 1.746 -2.701 2.931 -1.012 2.63 -4.719 -3.381 4.393 0.763 -1.241 -3.869 3.158 0.931 -2.24 4.005 4.051 2.759 4.813 2.924 -3.484 2.539 0.425 -2.187 4.567 -4.025 -4.006 -0.831 2.951 0.819 4.439 1.427 -4.717 4.503 2.429 4.551 -1.238 -3.543 2.295 -1.777 -3.373 4.042 -0.537 4.029 1.98 3.159 -1.527 -0.995 -0.223 1.755 4.234 4.534 3.888 -3.04 -4.256 
3.113 0.604 1.246 2.837 -0.086 0.516 -3.616 -0.637 -4.699 -2.244 3.584 2.214 3.907 -3.306 2.005 2.952 -2.84 4.415 3.657 2.295 4.163 -4.769 2.972 -1.673 -3.391 2.638 4.954 -4.033 -0.191 -2.674 0.458 -4.67 -4.085 -0.229 0.065 -4.158 0.691 4.843 1.262 1.772 3.587 -2.858 4.636 4.274 3.212 -1.978 1.965 2.758 2.963 -3.936 -1.29 -0.546 -0.103 2.711 -2.596 3.036 -1.604 -2.252 4.102 -2.773 -4.322 -2.621 2.171 3.792 -4.533 2.187 -3.267 2.528 -4.865 3.63 -1.639 -4.94 -3.207 -4.458 -1.178 -3.706 3.668 -3.053 -0.702 -0.141 3.736 2.82 -0.879 3.7 1.258 -2.183 -3.751 4.885 4.496 
0.001 4.246 -4.553 0.543 0.265 -2.991 -0.841 -3.849 -1.139 2.439 2.039 -4.853 4.254 -1.734 -4.698 2.006 3.886 3.498 0.133 -4.077 4.374 -3.937 2.491 2.098 2.215 -1.478 -2.169 -4.099 0.705 4.549 0.849 2.909 -0.505 4.243 4.918 2.584 0.302 2.571 2.224 2.987 2.645 -4.396 -4.691 4.423 4.39 -4.77 3.564 1.438 -0.444 3.858 -1.833 -4.147 -0.192 -1.934 3.4 1.73 3.045 1.839 -2.738 4.231 0.101 -1.443 3.659 1.956 -0.335 1.607 -2.181 0.458 -2.897 0.119 -1.003 1.592 -3.544 3.933 -3.38 -2.676 4.652 3.212 -3.204 -0.117 2.265 4.385 -4.377 -1.74 1.29 -0.784 -0.299 4.346 -0.863 
1.56 -3.837 -2.536 2.736 -1.785 2.96 -0.814 2.178 -1.873 -0.491 -3.325 1.948 -0.655 1.893 0.467 1.846 -2.338 3.795 1.929 -3.181 0.808 -3.048 -1.226 -3.776 -1.17 4.004 1.079 3.535 0.102 0.738 -3.437 0.913 -4.078 0.242 -3.235 -2.961 -2.831 3.74 -3.12 1.094 -0.344 -3.398 -1.504 -2.759 -2.305 -3.562 4.468 -3.694 4.019 -2.242 -2.542 2.11 0.461 2.754 0.443 2.171 4.135 4.164 3.762 -2.506 0.055 2.972 -3.451 0.301 -4.472 -4.944 3.504 -3.99 4.723 -0.405 3.911 -1.53 -4.57 0.274 4.165 -2.406 0.13 4.981 -4.196 -0.298 -4.278 -3.819 4.802 3.394 -0.376 -1.589 1.765 -1.74 4.852 
1.11 -1.42 2.763 -3.317 1.83 2.7 -2.985 -1.953 -1.942 2.326 0.878 -1.053 -4.972 0.75 3.537 1.228 -1.85 -3.781 -0.623 0.503 1.177 -2.63 -4.104 1.65 3.732 -1.49 -1.575 4.955 -4.348 -1.17 4.163 4.134 -4.455 1.219 -2.0 -1.348 4.836 -0.785 4.748 3.018 1.901 -1.542 -0.596 0.752 1.966 4.239 3.464 -1.256 -4.189 -3.68 3.703 -3.15 -3.468 0.205 -3.111 4.236 3.971 -0.37 1.014 -2.408 3.89 2.35 4.706 4.638 -2.783 -2.733 0.585 0.522 1.628 -1.794 0.35 -0.842 -4.718 3.7 -4.553 -1.972 -1.645 -2.857 -4.182 4.376 4.403 -1.249 2.418 0.887 -1.641 -2.287 0.063 1.882 0.851 
-0.527 0.504 -0.437 -4.561 3.769 -3.04 1.227 -4.958 -1.026 3.01 -2.466 -0.486 -1.456 4.54 3.992 -0.505 -3.774 -0.312 2.114 2.822 -2.14 -4.494 2.266 -2.032 -1.486 2.863 3.141 -1.762 2.444 1.626 -4.05 -0.737 -2.415 0.092 -3.334 4.801 1.65 -4.705 -4.222 1.583 -0.188 -4.146 2.951 2.967 3.56 3.786 0.139 3.449 3.72 -2.199 -1.634 0.666 -0.625 -1.609 -3.912 3.14 -4.438 -2.285 2.65 0.344 -0.207 2.246 4.45 0.261 2.331 -1.882 2.622 -3.028 -3.919 -3.605 3.057 1.339 4.39 1.435 -0.754 3.26 -3.637 2.789 -3.827 -2.41 -2.999 1.533 1.543 -3.398 -2.69 -4.449 0.718 1.069 0.226 
-1.754 0.872 -3.162 -1.355 0.007 0.12 0.517 4.503 -3.95 1.577 -1.382 1.723 2.977 3.56 2.819 -2.942 2.406 -2.263 2.673 -0.029 0.538 4.298 3.572 3.44 3.301 2.489 0.074 1.943 2.743 3.344 4.304 4.465 -0.802 3.603 4.999 2.301 -2.006 4.154 -2.689 -2.343 1.13 4.992 0.947 -3.774 -1.484 4.228 -4.539 -4.298 2.858 -1.85 -2.044 -3.048 4.494 0.23 -3.83 -0.276 2.823 -1.711 -0.168 -3.519 1.186 3.645 4.966 3.885 4.992 -1.601 3.685 1.281 -1.778 3.776 -4.128 3.555 -3.804 -1.791 4.905 2.62 3.062 4.729 -3.674 -2.954 -3.757 -2.569 3.407 -0.769 -2.31 0.163 -3.019 -4.908 4.899 
3.743 2.273 0.443 -0.727 2.443 -4.443 2.024 3.451 1.268 -0.448 2.434 1.883 0.715 1.794 -3.88 0.347 3.6 -4.086 2.076 2.792 3.315 1.578 4.849 -2.788 4.068 -2.738 -0.763 -3.276 -3.94 -3.503 2.108 -3.316 0.879 -0.212 -3.028 -4.316 -1.97 3.147 4.635 3.626 0.218 -4.098 4.906 4.52 -2.776 -2.96 -3.373 -3.332 3.819 0.485 -1.584 1.14 1.001 3.247 1.847 -2.044 4.128 -3.164 2.059 4.446 -0.935 -3.818 -2.069 3.766 3.24 -1.204 2.296 -1.966 -3.978 -3.296 -2.538 0.462 4.757 0.657 3.391 0.333 2.167 -1.641 2.481 4.634 3.172 0.83 4.566 -2.184 -0.545 -2.316 -1.071 -1.284 -2.466 
-2.302 -0.465 4.865 -3.762 -2.595 3.608 2.612 -2.977 2.918 -3.546 -2.284 -4.633 -1.774 4.784 -4.195 -4.28 -4.197 -4.526 2.863 -3.939 -3.643 2.526 0.723 4.8 1.384 -1.281 4.675 3.727 3.814 1.954 -1.342 -3.559 -4.75 3.918 -3.401 -1.871 -4.475 -3.008 -1.581 1.583 -0.262 1.107 -2.819 -2.815 -2.41 1.17 1.448 -1.605 0.808 -0.911 -3.904 -1.757 -3.921 2.166 2.421 0.142 2.405 -0.992 3.943 3.397 -2.516 0.867 -1.471 2.39 -4.431 4.351 4.895 2.808 4.762 -2.315 -3.876 2.389 2.593 -0.241 -2.524 -4.521 -4.865 3.878 2.072 0.457 4.584 -4.133 -0.038 3.46 2.23 -3.057 -0.29 4.592 4.506 
-1.234 -2.43 3.525 2.578 3.37 2.064 -2.994 4.662 -4.891 1.086 -3.684 2.187 -2.714 -2.909 1.853 3.672 -2.441 -3.542 2.721 -4.199 3.057 1.942 1.608 -0.099 1.422 1.255 3.534 3.805 -1.168 3.689 -0.656 1.401 -0.707 0.563 2.867 1.961 -3.483 2.354 -1.785 1.209 -3.378 -0.403 4.308 0.461 3.466 0.758 4.633 3.795 1.575 1.764 -4.272 1.718 -0.586 2.041 4.052 1.483 -1.206 4.705 -0.019 0.954 4.968 1.752 1.498 3.186 3.193 -4.197 2.144 -0.447 4.301 2.345 0.346 4.259 -4.292 -2.268 -2.024 4.141 -1.926 -1.711 1.911 0.164 2.039 0.981 0.321 -4.392 3.22 3.366 -2.1 -1.051 -0.319 
1.276 1.802 -3.499 -1.163 -2.105 4.763 -4.463 0.087 -0.976 -1.078 -0.363 -0.775 -4.066 0.341 1.365 -3.11 0.009 4.364 -3.589 -0.216 1.413 -0.941 -4.129 -2.905 1.405 -2.636 1.41 -2.95 3.423 -4.682 -4.916 2.358 3.069 4.258 -0.1 -4.219 2.051 -1.021 0.599 3.525 -4.375 4.765 -2.804 -0.377 1.206 -2.061 -3.865 4.543 -4.61 -1.488 3.691 0.857 -4.833 -3.012 3.779 -2.278 2.104 -0.525 3.274 -4.023 -1.699 0.149 -4.544 -1.232 0.783 4.296 4.772 1.081 -4.473 -2.804 0.552 -0.271 1.621 -4.901 -2.186 -3.182 -4.495 -3.024 3.127 -1.572 3.931 3.755 3.162 0.423 -3.21 -3.981 2.643 0.725 -0.34 
4.903 2.856 2.403 -3.492 4.196 -0.078 0.001 1.403 -4.523 -3.342 -1.463 -3.732 3.694 -1.395 3.239 -1.121 -4.822 3.266 0.99 0.922 4.233 -0.671 -3.685 -4.098 -3.333 1.642 -0.446 -4.9 -1.851 -0.886 -3.064 4.975 0.456 3.274 4.751 -2.941 -2.569 -1.095 -1.784 3.232 -0.197 4.494 -1.92 -2.322 -2.317 4.92 3.766 4.984 -4.88 0.456 3.651 0.958 -3.438 -2.043 1.785 2.022 -3.745 2.945 4.148 -3.331 -1.901 0.89 -3.437 2.326 -4.22 1.297 -2.915 4.745 -4.724 1.169 -2.504 0.01 -3.756 -1.314 2.298 -1.919 3.671 -4.406 2.674 4.136 2.866 -3.947 -4.543 -4.996 1.556 -3.221 0.048 -0.362 0.289 
3.913 4.111 -2.798 -1.351 -2.843 1.744 0.475 -4.296 -4.056 2.463 -0.889 4.762 1.703 3.2 3.171 -0.172 2.861 1.032 -2.165 2.359 -3.202 3.66 -4.517 2.687 4.127 -3.666 4.644 -0.021 -1.912 3.405 -1.113 4.773 2.526 -4.13 2.257 2.957 -4.811 -4.583 -2.318 4.762 4.931 1.731 3.626 2.468 0.111 -1.157 -0.984 3.14 2.989 2.73 3.673 3.496 0.231 -3.909 -3.722 0.806 -3.406 0.719 4.373 3.782 -3.446 4.978 4.061 0.296 -4.559 -1.908 1.191 -3.467 -4.965 -3.716 -1.684 -0.898 -1.531 -2.595 -3.511 4.563 -2.155 -1.274 2.385 -0.894 3.649 3.171 3.387 1.03 1.991 0.618 -1.846 -2.43 1.156 
-0.304 4.578 4.031 -4.451 -3.559 -4.257 2.23 4.805 1.128 4.119 0.232 2.674 2.329 -2.632 -2.755 -4.628 4.054 2.207 3.709 2.511 -2.088 -0.545 1.583 0.779 3.982 -4.504 -3.432 -2.407 -4.911 3.617 -1.034 4.022 4.298 0.605 2.39 1.688 -3.468 0.526 0.606 -1.001 -4.374 -1.438 3.116 -0.69 2.121 -2.073 2.968 2.963 0.259 3.261 0.399 3.287 3.701 -3.078 0.864 4.612 -4.538 0.168 1.613 2.576 -3.713 -4.106 3.174 1.293 -0.247 3.283 -3.077 -1.783 -2.281 -2.054 3.999 -0.472 2.528 3.057 3.277 0.033 -4.515 -2.633 0.717 2.812 -2.499 1.509 -4.798 0.589 4.81 -3.72 -4.287 2.705 -2.424 
2.297 0.848 -1.732 -0.484 -4.199 -0.299 -0.883 -1.447 -2.947 1.801 -4.196 1.747 3.383 3.816 0.477 3.16 0.232 2.615 -1.038 2.613 1.314 4.457 -4.363 1.073 4.572 -3.238 -0.389 4.688 -2.549 -2.072 3.957 -4.922 0.046 -3.983 4.603 3.234 0.191 -2.666 1.659 -2.656 -0.245 -3.76 -3.915 0.153 3.003 2.396 -1.196 -0.147 -4.859 2.565 1.955 -2.102 -4.104 1.977 2.894 4.835 0.073 -4.685 0.283 2.907 -0.522 4.611 3.056 -3.959 0.041 3.285 -0.886 -4.572 3.501 3.752 -4.061 2.25 -3.483 -0.888 -0.846 -3.68 4.069 1.517 3.443 -3.343 2.559 4.365 0.722 1.976 3.885 1.241 -4.178 1.916 1.032 
-1.824 -3.353 1.241 2.408 -2.934 -1.608 2.338 -3.694 2.35 2.167 1.188 1.637 2.732 4.147 4.462 4.543 2.64 -1.648 -4.173 -0.853 -4.8 4.299 3.542 2.159 2.426 1.001 1.883 -2.744 -4.209 -1.27 -0.58 1.462 0.263 2.685 -4.766 4.102 1.605 -1.805 -3.639 -0.673 0.078 3.435 2.598 2.945 4.397 -3.292 4.29 4.995 -3.825 -0.657 -2.16 -2.34 -4.603 2.674 2.248 1.577 0.694 0.339 -3.667 0.423 -3.696 -0.064 3.046 3.826 -4.796 -2.537 1.926 3.022 -4.318 -0.219 2.595 2.014 -3.865 1.913 -3.127 -3.443 -3.288 3.252 2.194 -0.298 -0.874 3.92 -1.075 4.004 -0.338 2.009 2.985 4.6 -2.649 
2.994 4.736 0.277 0.148 -4.266 -0.734 0.451 -4.263 4.842 -3.516 -3.964 4.663 -4.709 2.604 0.742 4.333 -2.909 -2.907 -0.292 4.877 -1.517 3.235 2.103 -2.584 3.406 3.133 -0.659 -2.116 -4.675 3.924 -1.255 1.317 -1.477 4.118 -1.108 -3.099 0.064 1.627 1.211 -2.442 -4.594 -4.776 -4.404 -4.897 -0.722 1.496 4.201 4.832 -4.267 2.359 3.028 2.965 -0.379 1.622 0.774 2.474 -0.297 -4.909 -3.353 1.799 -4.143 -1.296 4.41 3.445 -4.059 0.837 -2.666 -0.538 1.551 1.632 2.007 -3.707 4.076 -0.088 -3.719 -0.008 1.153 -2.699 -2.335 3.725 -3.714 2.949 4.041 -0.364 1.644 1.24 4.315 3.422 -2.691 
-4.714 -0.392 -0.012 0.819 -4.984 -2.429 2.55 -2.579 1.063 4.342 -1.414 -4.683 -0.843 2.341 -0.588 0.374 -2.625 -4.037 -1.416 -4.683 0.051 -2.409 -2.531 2.299 3.285 4.053 -1.267 -0.667 4.752 -3.705 3.56 4.781 -2.189 -4.05 4.884 1.558 -1.766 0.187 2.375 -1.865 2.028 3.053 -1.481 1.845 -2.861 2.582 0.256 -3.329 -2.67 1.369 -3.039 0.992 1.449 2.262 -4.029 -3.095 -4.356 1.073 -4.496 2.316 1.783 3.7 -4.555 -1.408 -0.671 -1.874 4.622 0.487 -2.694 3.455 -2.418 0.777 3.172 -2.451 -1.101 -3.539 3.808 3.267 3.642 -1.76 -2.336 0.575 -3.148 -3.067 1.539 4.484 0.443 3.516 1.581 
-3.599 3.951 -2.979 -2.554 -3.509 -4.073 0.256 -2.181 0.001 2.609 1.906 4.715 4.53 0.41 2.104 1.415 0.966 -1.168 3.713 -0.571 -2.117 -0.102 1.007 3.097 -2.681 0.871 0.499 1.281 2.263 0.625 3.783 3.449 -2.147 -2.172 -3.797 -1.328 -3.541 -1.349 2.867 3.617 -2.567 0.227 -1.45 1.895 -0.451 -3.315 2.865 1.139 -2.486 -2.296 -1.517 1.609 -1.089 3.588 4.219 -4.79 -2.131 -0.059 -1.848 -1.378 1.343 1.521 -3.129 -1.581 -1.991 0.214 3.088 -3.127 -0.605 -2.041 2.914 3.096 -1.519 4.479 -4.567 4.007 3.22 4.173 0.243 1.95 -1.511 4.829 3.043 -3.966 3.773 -0.683 2.193 -3.982 2.325 
4.863 1.296 0.913 4.685 -4.75 -1.749 4.899 -1.692 4.281 0.55 -2.061 2.071 0.272 -3.373 4.468 2.054 -1.474 -1.731 -1.017 0.075 0.4 -0.225 3.81 -0.153 -2.742 -0.402 -2.341 -3.587 -0.174 -2.316 -4.47 -0.463 -2.682 2.136 3.782 2.796 -0.185 -2.966 2.39 -1.784 4.932 4.917 -0.323 2.173 -1.738 3.377 1.609 -2.078 -4.974 -1.433 4.727 -0.801 -3.772 1.905 4.553 4.34 3.752 4.669 -1.869 4.05 4.09 4.222 -1.394 -0.058 3.481 -0.3 0.435 4.611 -4.202 -2.159 -1.445 -4.398 -4.028 4.45 -4.225 0.665 0.755 2.093 -0.574 1.063 -2.295 -4.429 -0.09 -3.741 1.923 -3.035 0.3 -0.897 -4.501 
-3.169 1.244 -1.455 -0.114 -4.329 0.562 -1.952 4.518 2.222 4.89 4.013 4.895 -1.368 3.669 3.793 -2.588 -3.301 -2.078 -4.951 -4.688 -4.762 3.247 -1.398 -2.377 1.438 4.237 0.163 4.774 -0.567 2.196 -1.834 -0.412 -2.822 4.98 -4.0 -1.172 0.152 -0.609 4.001 -2.883 -2.473 -1.446 -2.931 2.278 2.513 3.194 -2.305 0.852 1.195 -2.64 0.565 -1.351 -2.821 -2.542 4.796 -1.259 4.147 0.167 -2.496 -1.374 3.443 -1.813 0.329 -0.016 3.932 4.734 2.027 1.038 -2.23 4.012 -1.098 -4.494 -1.522 4.906 2.008 4.084 2.678 0.772 0.827 3.759 3.625 -0.006 -4.477 -2.334 0.353 2.012 1.101 2.646 1.135 
-1.902 -2.197 1.212 -3.943 3.711 4.411 1.981 0.593 -1.054 -2.076 -4.151 -2.007 -1.124 -4.531 3.367 -2.751 -2.294 -1.255 -1.323 -1.56 2.755 -3.83 3.943 -4.814 1.101 3.157 1.114 -0.833 -0.313 -2.819 -4.949 -0.338 0.269 4.975 0.813 -2.349 0.566 -2.108 1.625 -0.953 -0.942 0.138 -2.766 -3.095 4.633 4.376 0.0 -0.19 -3.972 -3.11 -2.237 -0.704 -1.432 2.587 -4.032 1.373 -2.71 0.016 -3.582 -2.927 3.112 -1.965 -3.738 1.42 -1.685 -4.992 -3.136 -0.811 1.062 2.046 2.771 -3.871 0.847 4.464 0.704 -1.83 -0.314 1.466 1.573 2.862 -0.371 4.588 3.208 -0.118 -4.735 4.943 4.661 0.428 1.027 
-1.804 -1.418 4.677 -0.533 -2.481 -3.639 0.196 2.431 -3.649 -0.163 1.189 -1.512 -1.313 -1.356 4.913 1.356 4.788 -1.428 3.685 2.296 -2.799 1.421 -1.604 -3.157 -2.238 -2.311 0.356 0.775 3.765 -4.154 0.9 2.48 3.657 -0.831 2.187 -0.129 -0.049 3.304 4.71 3.071 1.583 2.237 3.907 1.006 4.014 2.04 2.621 0.914 4.619 2.544 1.354 4.229 4.794 1.965 3.419 4.851 4.916 -0.873 -0.55 4.056 -0.016 -1.135 3.815 -3.855 -2.144 3.167 4.124 1.468 -1.632 -1.795 2.093 -4.042 -0.113 -4.464 0.023 -3.057 -4.431 2.6 -0.283 -4.69 -2.991 4.107 -4.816 2.084 -2.627 -2.639 -4.936 3.308 -0.625 
-0.062 -4.845 -3.727 4.03 1.497 -0.732 1.543 1.603 -0.697 -3.602 -2.356 1.959 -4.504 -3.649 2.428 -0.6 2.057 4.487 2.967 0.988 -2.616 2.389 2.378 -0.013 0.526 0.178 1.856 -0.948 -4.489 1.394 -1.243 2.074 4.148 3.713 -4.181 -2.279 3.854 -1.035 -4.217 4.186 -2.989 4.541 -0.547 -3.284 3.38 3.0 -0.184 2.536 -2.822 -0.342 0.609 -3.692 -3.805 1.895 1.234 -0.564 -2.642 2.881 2.166 -1.494 -1.713 1.08 3.119 1.76 -1.96 -0.551 -3.023 3.745 0.489 -2.857 -3.94 2.082 3.153 -1.948 -4.236 3.267 1.677 -2.609 0.974 4.854 -4.683 -1.565 0.43 -0.158 2.49 -4.488 -4.336 1.233 2.609 
3.065 -2.796 4.4 -3.559 -3.459 3.471 4.65 -1.915 -1.932 -1.233 3.654 3.825 2.738 1.432 -1.074 -3.136 1.745 -3.715 0.856 2.146 -0.392 -2.322 2.875 4.674 3.759 3.849 -2.927 3.986 4.633 4.925 4.701 -2.449 -0.959 1.286 -4.619 -1.552 -1.753 -1.935 3.069 1.574 1.731 -0.84 1.136 -0.892 -4.888 -1.532 1.873 2.925 4.134 2.185 -0.115 3.663 3.036 0.07 -0.456 -4.506 -0.599 1.06 4.373 -4.513 2.402 -0.529 4.981 -0.903 4.129 -4.579 0.272 -4.68 1.52 3.147 -1.197 -4.653 -1.684 3.939 -2.283 4.943 2.106 4.27 -1.476 3.457 1.127 -4.173 -4.972 2.202 3.199 3.005 -2.287 1.354 4.818 
-4.179 -2.125 -4.337 -2.928 -1.548 -4.858 -3.369 -4.247 -2.262 3.77 -4.851 2.6 -1.241 4.148 4.385 1.564 -1.365 3.7 -1.496 3.97 4.625 1.514 -0.895 -4.606 1.98 -3.383 -1.519 0.905 2.009 3.313 -4.252 -2.759 -2.222 -4.32 -2.871 4.619 -0.787 -1.687 -3.271 2.078 2.153 -2.605 -4.624 -0.512 2.902 -1.587 3.918 3.182 -3.234 -4.511 -3.216 -0.975 2.524 3.984 -1.921 -3.503 3.935 1.182 2.88 0.269 -3.708 3.25 3.863 -1.316 3.146 1.993 3.649 4.083 0.316 -0.388 -3.235 -4.696 1.502 4.856 3.829 2.226 3.536 3.886 -1.533 -4.443 -1.414 -4.236 -1.149 -4.602 -2.788 -1.617 3.161 -4.817 -4.754 
-1.919 2.482 -3.792 -3.263 -0.935 0.111 3.931 -3.961 4.638 3.408 1.89 -2.368 1.854 4.708 1.445 1.236 -2.425 -0.384 1.252 0.99 -1.895 0.454 3.092 3.66 -4.073 0.722 -4.688 1.487 -2.502 -3.876 -1.613 -0.407 4.912 4.891 -0.36 -4.281 -2.846 -4.903 -3.991 1.475 -0.332 4.259 -4.396 -2.988 -1.594 3.145 1.847 0.559 3.559 -1.606 3.259 -0.681 0.065 -1.781 0.649 3.546 4.614 4.843 0.16 0.686 -0.877 2.766 1.47 -1.448 0.714 1.325 -3.553 2.054 1.875 -4.205 -3.845 2.155 -0.684 -4.119 1.949 -3.508 4.959 3.371 4.348 -0.904 2.19 1.268 -2.713 -1.467 -2.575 -0.88 3.611 3.919 -4.312 
2.45 -2.217 3.902 0.459 2.959 0.997 -1.563 3.748 0.539 0.464 -0.689 -3.05 1.107 -0.729 4.784 -1.757 3.387 -4.043 -4.459 4.267 2.324 0.633 4.118 0.771 2.858 -1.93 -2.852 1.39 -3.33 -2.611 -2.504 -1.355 -3.914 0.742 -4.73 -4.848 1.467 2.642 1.123 3.295 4.015 4.214 -4.557 4.199 2.938 -4.062 4.727 3.327 -2.343 -4.899 2.574 -4.923 1.808 -0.841 3.77 -4.55 -1.311 -4.672 1.51 1.046 -4.803 1.909 -0.08 3.021 0.684 1.487 4.628 -2.14 -4.449 -2.709 4.088 3.326 4.15 -1.32 -2.588 -4.943 -3.312 3.849 -0.83 -3.669 0.352 0.987 -1.865 3.416 -3.454 4.06 -4.398 -0.766 3.304 
0.543 2.645 4.579 1.069 -4.99 1.168 2.602 -0.538 -4.074 -0.061 -2.942 -3.52 4.959 0.779 2.2 1.026 -2.752 -1.058 2.821 3.36 -2.281 3.503 -2.921 2.568 -0.604 0.778 -1.308 4.754 -0.277 -0.556 -4.807 2.331 -4.535 3.509 -0.206 4.299 0.086 -1.274 -3.738 2.986 -1.195 -1.751 4.67 1.677 1.592 4.562 4.576 -1.638 4.3 3.121 -0.843 -4.406 3.588 2.105 -0.81 4.482 0.412 -4.515 -2.745 -2.448 -2.45 -1.55 4.819 -3.957 -1.509 -3.2 -1.342 -2.802 -4.968 0.117 -1.299 4.822 -2.973 -1.132 0.504 -1.729 1.446 -2.849 -3.75 2.532 2.826 0.583 -4.901 2.325 -2.303 0.432 -4.125 1.515 2.922 
4.757 0.205 4.323 -3.661 -4.153 2.965 1.632 -0.542 1.843 2.009 3.718 0.169 -1.286 2.446 1.973 -2.15 0.088 -3.662 -3.207 3.418 0.206 -4.347 -0.625 0.837 -0.29 -1.295 3.538 2.403 -0.73 -0.601 -3.771 0.061 -1.93 2.162 -1.755 -1.046 3.527 -4.954 -2.117 1.441 -3.769 -3.169 1.669 -1.989 0.386 -0.681 -3.322 4.574 -3.652 -3.391 -3.765 1.843 2.897 -4.721 1.274 -4.595 3.924 -0.879 -1.064 4.865 -0.396 -4.052 0.795 1.475 2.576 0.027 4.12 3.955 0.957 -4.387 3.032 3.717 2.992 -4.069 1.305 -2.303 -4.446 1.26 -1.195 -1.666 1.03 -1.721 3.922 -2.743 -4.868 -1.228 2.262 3.88 4.798 
0.334 -2.962 0.105 -3.155 -2.463 -4.055 -1.792 -2.05 1.091 2.657 3.691 -3.714 -1.584 4.255 -1.298 -2.628 -0.86 4.861 2.53 4.972 4.219 -0.041 -2.606 2.796 -1.033 -2.107 0.928 -1.021 -4.247 1.89 0.566 -0.948 2.117 -0.98 -3.098 4.534 -4.122 -3.945 -4.253 1.741 3.03 -0.361 1.765 4.421 0.78 -3.182 0.747 -2.791 0.196 -0.147 -0.46 -2.799 -0.835 -3.499 -2.591 2.682 3.51 -3.945 -1.6 -4.511 -0.626 2.501 -3.9 -3.865 -4.452 4.09 3.875 3.676 -2.333 4.714 -1.551 1.615 1.552 -2.478 3.682 3.067 -4.448 3.145 2.371 -0.447 -2.674 0.564 0.374 -3.227 1.39 4.476 -4.737 -1.735 3.243 
-2.017 -2.786 1.862 -2.806 -1.391 -3.011 0.183 2.462 -3.446 -2.18 0.244 -3.556 -3.69 -1.341 -4.03 -2.879 -4.605 -3.77 -4.296 4.783 -0.378 -0.941 2.815 0.287 -3.175 -3.614 2.195 0.517 -2.19 4.326 -1.734 4.642 -1.424 3.232 -1.416 0.863 -0.488 1.743 -3.922 -4.345 0.854 -2.484 -0.325 -0.685 -0.822 -3.571 4.928 4.853 1.63 -0.738 -3.022 4.633 -1.664 1.86 -1.751 -3.023 0.236 0.032 3.154 -3.11 -2.52 4.061 3.373 1.231 0.135 -1.634 3.262 -0.107 2.693 3.645 2.859 2.531 -1.516 0.258 2.255 0.701 -2.221 1.397 -3.788 2.057 3.851 -3.957 -4.781 -2.816 -1.682 3.779 -3.829 1.753 -0.057 
1.284 2.294 2.493 4.898 -2.222 3.107 1.34 2.481 -0.365 2.8 -0.458 4.317 2.318 -4.987 3.825 -1.065 4.294 2.507 1.406 -4.739 4.634 -4.927 -4.455 0.589 1.184 3.564 -3.494 -3.62 1.399 3.345 -0.773 4.431 -3.165 4.602 2.261 -2.656 -1.432 -4.687 3.925 1.256 3.629 -3.954 1.294 -0.559 1.38 -2.472 3.234 2.605 1.957 -0.332 1.337 -0.96 1.77 -4.971 -3.485 2.177 4.597 -0.712 3.976 0.975 -4.361 2.995 -0.327 4.628 0.275 1.513 -2.904 -3.565 3.064 0.832 0.034 -4.746 1.476 -0.028 -2.701 -1.927 4.694 -4.922 -2.938 3.922 -0.799 0.935 2.291 2.105 -3.302 2.544 -3.106 3.04 -4.916 
-0.666 -0.964 0.918 1.598 4.272 -3.354 0.968 -4.274 2.552 2.495 -4.866 4.537 3.633 0.376 -2.225 0.855 4.959 -4.493 4.078 -0.906 3.371 -0.285 -0.305 1.222 -4.284 -3.065 -4.047 0.183 -0.657 4.892 -3.478 -2.389 0.119 4.229 -0.711 -0.798 -2.284 -3.923 -4.426 -3.255 2.469 -0.685 4.311 1.766 -2.103 0.79 1.678 4.889 -3.601 -0.476 -0.446 -0.305 -0.558 2.497 -2.265 2.439 2.367 4.609 2.473 -3.339 4.655 3.572 0.956 -4.73 -3.592 0.272 3.091 -0.222 4.727 -1.391 -0.871 -0.983 -4.58 -4.793 0.336 1.972 -1.488 1.768 3.116 0.835 3.189 2.308 1.62 -0.795 -1.673 -4.928 -2.182 -2.442 2.795 
2.165 4.48 -4.743 3.253 -0.896 2.766 -1.347 -1.338 1.924 -0.202 -2.747 -2.017 -2.019 0.052 -0.601 0.466 -4.016 1.085 2.441 4.565 2.882 3.919 -0.536 3.329 -4.402 -2.672 2.886 -3.578 -4.012 -1.653 1.77 2.524 0.884 1.745 -2.516 4.677 1.523 -1.201 -3.162 4.823 3.302 -0.8 -2.858 4.632 1.598 2.195 4.269 2.485 -1.012 3.629 -0.557 3.995 0.624 4.311 4.852 1.4 0.586 2.721 -3.647 1.372 -2.453 3.95 -1.116 -1.709 -4.17 -4.444 -3.503 -0.56 -3.849 4.248 -4.075 -4.778 -1.153 0.727 0.12 -1.515 -2.048 2.83 -0.258 2.203 1.591 -3.976 -1.076 2.694 2.526 2.572 -1.561 -4.97 -2.608 
1.241 0.722 2.786 -4.571 -3.722 4.698 0.089 -4.788 2.601 -1.215 -4.251 4.624 -2.543 1.354 0.613 2.266 -4.21 4.882 3.322 -0.35 1.894 4.727 -2.813 -1.1 2.859 -0.785 4.577 0.473 0.901 1.691 3.29 4.968 4.77 3.6 0.003 1.965 1.687 -1.817 -3.619 4.105 2.555 0.159 -0.782 3.673 -2.32 -0.733 4.705 2.511 -1.87 4.31 4.499 1.726 -0.859 0.174 1.2 1.189 -1.213 -2.344 1.1 3.567 -1.343 3.972 3.781 0.085 2.111 -0.013 2.6 2.057 3.972 3.996 3.342 -4.373 -0.951 1.688 3.141 4.022 3.593 -0.91 0.712 -2.181 4.073 3.19 -3.89 2.368 1.676 4.246 1.582 -0.844 3.742 
-1.129 -3.208 -4.953 1.269 2.815 3.837 -4.297 -1.186 -2.034 -1.884 2.365 3.47 -0.872 3.161 -0.588 -1.735 -3.017 3.23 3.049 1.031 1.079 -2.376 -4.953 3.457 -1.562 4.608 4.786 2.598 0.541 -1.748 -3.844 -2.374 4.533 3.615 2.126 0.689 4.995 0.238 4.84 4.662 2.581 2.868 -2.763 -0.237 0.154 1.043 -0.846 0.57 -3.028 -2.578 -2.623 1.004 0.89 2.668 0.283 -3.726 -4.947 0.243 2.253 2.938 -1.952 -2.859 0.869 0.154 2.37 -1.373 -3.259 -4.549 -4.16 3.512 2.316 2.957 3.673 -4.768 0.334 -0.73 2.234 0.389 -0.651 -0.019 -1.998 2.701 -1.196 2.554 0.018 -4.838 0.323 1.834 -1.518 
-2.991 4.556 1.662 -3.947 2.773 0.949 2.144 3.909 -2.552 -1.616 -3.957 0.795 -1.423 -1.695 -2.751 0.026 -4.365 -1.454 -0.079 3.373 -1.491 -1.824 -0.888 -1.431 -3.898 -0.279 4.442 4.399 1.663 4.916 4.766 3.712 -4.824 -4.058 -3.878 -1.812 0.467 1.096 1.621 4.65 -1.791 1.947 3.007 -3.242 2.255 3.366 0.913 3.992 -0.928 -0.123 4.523 3.137 -0.261 -0.29 -3.099 0.981 -1.485 -0.858 2.977 1.049 0.933 -2.016 -0.502 0.713 -4.698 -1.626 0.678 -2.702 0.167 -3.46 3.575 3.094 3.026 3.566 -0.347 2.667 2.003 1.32 -1.65 4.37 -0.819 3.031 3.408 -2.976 2.519 0.389 2.718 1.124 -4.291 
0.655 -0.769 -0.874 -1.087 -1.114 1.222 -2.411 -4.093 -1.625 3.306 1.756 0.981 -4.902 0.243 -2.216 -3.673 0.15 -0.897 2.824 -3.091 0.849 0.137 1.66 4.339 -1.183 -4.469 4.432 2.421 -0.828 -1.88 -1.286 -2.631 -3.945 2.273 3.301 -2.305 -1.823 1.569 2.671 -4.501 3.345 3.317 -0.541 -0.958 1.373 1.936 4.234 -0.215 -0.316 -0.626 4.501 -1.79 2.084 -0.896 4.727 3.544 -0.109 1.907 4.995 3.996 0.291 1.257 2.131 0.344 0.281 0.317 0.956 -4.822 0.543 -4.435 1.713 4.816 -4.145 1.883 -3.235 -0.386 3.734 -3.129 -4.675 -3.265 0.866 4.754 -1.268 -0.276 0.502 -1.077 -1.666 -1.802 1.191 
0.318 1.88 -1.59 -0.359 -1.732 -3.49 -0.63 1.522 1.746 -3.659 -3.314 2.162 1.135 3.815 2.822 3.007 3.5 -3.571 -3.079 -4.053 -4.95 -0.924 -2.123 -4.509 4.569 2.184 -1.129 1.177 -4.024 -4.826 0.188 2.01 -0.325 1.082 1.412 -1.616 -4.364 1.191 -1.745 1.398 -4.851 -3.45 -2.389 2.313 0.33 -0.119 0.963 1.045 0.37 3.33 -3.522 -4.685 2.099 1.701 4.294 -1.876 -2.058 4.702 0.575 3.209 1.573 1.955 3.534 -1.042 0.979 4.017 3.49 -4.148 0.945 -1.17 -0.157 3.472 -3.216 -0.969 -4.278 -3.891 -2.697 4.528 -2.872 2.475 4.1 -2.556 -4.875 3.407 -3.937 -0.757 -0.843 -0.653 3.675 
-0.863 3.485 -0.017 -2.807 0.401 3.619 2.034 -2.014 -0.787 0.607 -0.29 -1.933 0.213 -3.399 4.111 -1.131 1.871 3.793 0.435 -2.153 -0.428 0.808 -4.172 -3.773 0.125 1.818 -4.748 -4.634 -4.285 -0.043 -2.998 -0.525 3.888 -0.783 0.914 -0.819 -4.887 -1.416 3.425 1.24 -3.125 -1.269 0.52 2.222 -4.307 2.891 -4.847 2.076 -0.606 -1.425 2.558 0.226 0.491 4.455 -4.363 -1.656 -3.48 1.037 0.313 -3.426 0.156 0.254 4.686 -1.712 -3.404 1.1 -3.531 3.127 -0.98 -4.908 1.792 -1.651 -3.428 -0.318 -3.025 -2.711 -1.902 0.207 3.518 3.921 2.788 2.6 3.546 4.972 -1.39 -1.903 3.443 -2.878 3.473 
4.106 3.138 3.775 3.038 4.141 2.282 1.081 4.739 2.592 -1.288 3.135 -2.319 -3.866 -2.928 -4.517 -4.044 -4.31 3.798 3.603 -1.74 4.801 1.56 2.812 -3.653 -3.377 -2.65 4.556 -1.312 4.895 1.841 0.578 2.797 4.369 -2.603 -1.968 -0.705 2.138 2.072 -2.467 4.827 -1.462 -2.428 -2.726 3.466 3.939 -2.37 2.633 -0.77 -0.5 -1.755 4.627 -1.076 -1.457 -4.319 -0.687 -4.721 0.906 2.711 -3.18 -0.462 2.64 -2.145 -2.768 -3.708 -0.304 -1.491 -4.297 4.442 -4.392 0.232 0.757 -4.904 3.325 -4.293 -3.749 -3.628 1.714 -4.364 4.281 -1.017 -3.44 3.108 -3.605 -0.021 -2.077 -3.66 0.817 0.799 1.498 
2.134 -4.788 -1.269 -0.793 3.664 -4.23 -0.181 -4.839 2.225 -1.251 -3.116 -3.732 -2.565 4.931 -2.22 -2.0 -4.663 4.628 1.194 -0.958 -0.046 -0.835 0.634 -0.335 -4.386 -1.677 3.693 0.145 -2.606 3.354 -3.278 -0.118 3.701 -1.292 -2.724 3.213 2.277 -2.395 -2.304 -1.119 -3.288 3.784 -1.456 -0.781 -3.724 -3.299 -4.158 2.068 -4.994 -2.304 2.461 -2.141 -1.811 -2.118 -3.437 -2.94 1.924 -4.414 -3.91 -2.47 -4.593 1.589 -0.835 -4.053 -0.132 2.744 0.328 1.349 2.091 -4.962 2.159 4.302 1.229 3.238 3.3 2.541 4.912 -4.726 0.106 3.824 1.744 -4.596 -3.071 -1.7 -0.879 2.473 -3.207 4.51 0.79 
4.23 2.028 -3.347 -3.52 1.312 3.61 3.409 3.472 -1.942 -1.69 -0.772 2.617 -3.784 3.864 -0.095 3.072 0.629 4.327 0.603 2.287 3.168 -4.301 -0.766 1.816 -0.915 2.609 -0.264 1.911 -4.221 -0.397 -0.993 1.336 -1.842 3.077 0.465 -2.75 -2.147 0.413 0.832 1.221 2.586 -2.956 1.014 -1.835 2.136 -4.903 -3.602 -4.073 4.998 0.932 2.003 4.837 -4.088 -3.03 -2.273 3.145 -3.853 0.921 1.944 2.875 1.087 1.96 1.311 1.969 3.552 0.847 -0.217 -4.72 4.603 -0.853 0.439 3.58 -1.871 1.433 3.784 0.607 0.133 -4.056 -4.666 -2.154 -2.447 -2.822 3.648 -1.211 -3.612 0.14 2.49 0.496 -4.863 
1.062 0.201 -3.472 -3.176 0.888 4.917 4.771 1.499 3.131 1.362 -2.127 1.564 3.42 -1.376 -4.959 -2.499 3.328 2.87 2.786 2.55 4.521 -0.264 -3.037 -1.143 -3.118 4.632 1.502 2.617 1.518 4.566 -4.743 2.62 -0.034 -3.363 -0.526 2.161 4.164 2.721 -4.407 -4.526 -0.374 1.99 3.779 3.929 -0.435 2.071 0.283 -0.594 0.965 2.925 -3.335 0.382 -2.858 1.05 2.894 -1.308 0.148 0.883 -0.374 -3.611 -3.565 -4.726 2.906 -2.875 -0.022 3.328 0.485 -2.428 -3.891 -3.488 0.678 3.645 0.415 3.995 1.265 -1.768 -4.669 3.786 -2.773 -3.435 -4.69 -0.128 -4.943 2.608 -1.034 -3.773 3.389 1.27 0.499 
4.975 1.642 0.78 4.665 3.673 -4.757 -0.865 -2.858 4.92 -3.78 2.731 4.642 4.965 2.669 4.864 -2.391 0.904 0.597 -1.809 3.508 4.418 -3.313 -3.495 -1.958 -0.34 -4.091 -0.535 2.814 -2.95 -2.384 -1.737 -0.618 3.495 -1.316 0.987 -2.156 -4.539 0.208 3.59 -1.791 -2.902 -3.913 1.574 0.231 1.841 -3.095 -2.382 -4.63 -3.966 -2.968 -1.778 -1.029 2.112 -0.166 -4.576 0.084 -0.522 -4.241 2.042 -0.823 4.951 -0.466 3.352 -2.303 2.882 -1.454 -2.843 -4.899 2.446 1.35 -3.472 3.081 3.277 3.718 -1.696 -0.296 -1.368 4.961 1.656 1.86 4.495 1.384 -2.439 -2.077 4.975 4.272 2.531 1.698 2.06 
0.338 -3.694 2.793 3.049 1.458 -2.977 -0.195 0.661 0.096 4.504 -2.813 -3.876 1.628 1.708 4.704 -4.7 -4.91 4.896 -3.546 -3.946 4.999 -1.483 3.263 -4.223 0.124 2.63 0.411 0.031 3.348 2.341 1.451 -0.975 1.389 2.448 0.08 4.791 4.763 -0.854 -2.892 -2.955 -2.158 -3.783 2.974 0.631 -0.753 1.926 4.512 -2.042 -4.376 3.513 -3.487 2.496 4.317 -1.772 -4.311 0.672 -3.917 4.947 -1.536 0.764 -2.981 -3.097 -1.784 1.067 2.939 -1.629 -3.081 -1.37 -0.405 1.91 -4.801 4.16 4.282 4.303 2.01 -2.312 3.295 0.186 -2.36 -1.072 -2.352 0.522 4.676 3.219 0.393 -4.757 -3.758 -4.975 4.809 
-2.187 -0.639 1.311 -1.698 4.865 -3.19 -2.341 2.58 3.652 -1.188 3.544 1.355 -4.919 -0.282 -4.123 -4.939 -0.017 -0.423 3.332 -1.913 4.533 -1.519 -4.18 4.716 0.712 3.585 -4.037 -1.977 0.377 0.54 1.225 -3.03 3.128 3.841 4.898 2.12 -4.178 2.268 -4.555 4.614 3.948 -3.578 -3.202 1.852 -4.144 -2.739 -1.239 2.665 -2.525 3.398 3.871 -3.171 -3.096 0.946 -3.454 -3.786 -1.112 0.574 0.942 0.498 -1.882 -0.652 -3.628 -4.648 -3.532 -2.54 -3.413 -1.207 -4.504 -1.367 1.429 -4.435 -2.288 -4.703 -2.07 2.949 2.777 4.414 -3.512 4.656 -0.787 1.02 -3.649 0.97 2.022 0.818 -2.65 -1.639 4.664 
-1.535 -0.444 -2.299 1.553 3.714 -2.863 4.015 1.318 -1.776 1.821 2.907 -2.717 2.596 4.836 1.905 -0.709 -3.695 -2.792 -2.653 -4.037 1.992 1.078 -2.171 -1.169 -0.457 -2.169 -4.285 -1.017 -0.822 2.569 -2.969 4.267 -1.371 2.71 -4.835 -1.63 3.914 -1.28 -1.474 -4.86 3.138 -0.846 1.394 3.017 4.884 -0.376 3.995 -3.866 0.04 -2.908 1.889 -2.557 -1.041 0.146 -1.272 0.771 -3.781 -1.837 0.557 4.286 -3.753 3.285 4.283 3.229 3.347 -4.429 -0.261 -1.025 -2.372 -0.3 -1.928 -0.664 -3.262 -1.595 -0.266 0.865 2.412 -2.964 -2.318 -0.717 3.457 2.343 -3.77 4.5 2.792 4.062 -1.416 -3.816 -3.641 
3.786 4.21 2.849 -1.961 -4.494 -2.475 2.271 0.2 0.707 4.437 -4.358 -3.582 3.811 2.252 -3.558 -3.453 1.118 -0.752 -1.468 4.223 1.345 3.652 -2.182 3.362 -1.111 0.783 4.65 -2.4 -0.101 -0.871 0.428 -4.056 0.565 -3.225 -3.496 4.064 -4.95 -4.484 1.74 4.108 0.771 3.186 0.736 0.339 0.322 -1.997 -4.909 -2.113 -1.581 3.448 1.267 1.406 -0.995 2.815 2.912 0.758 -0.721 3.783 3.276 1.471 1.887 3.665 3.611 -3.26 2.747 -0.498 0.188 3.172 2.845 0.428 3.427 -2.451 -2.221 0.939 -0.591 2.321 -1.93 1.405 3.858 -2.547 3.364 3.921 2.332 1.337 4.554 3.973 1.793 -3.075 -0.547 
4.907 1.182 3.989 4.902 4.957 0.204 -0.094 2.51 4.376 1.853 -1.741 0.691 -0.604 0.765 -3.669 -0.505 -1.616 3.747 -4.126 -2.175 2.886 0.851 4.578 -2.613 -4.344 3.282 -3.255 3.335 2.279 -2.009 4.11 -3.052 0.661 4.299 -1.435 -3.85 -0.277 4.558 -1.347 -0.72 4.478 2.906 3.348 -2.163 0.077 3.589 1.358 -4.901 -3.068 -3.907 -3.246 3.6 -2.27 -0.982 -4.403 3.099 -4.042 -3.652 -4.932 3.57 -3.786 -2.352 3.515 2.878 -2.268 2.107 4.809 -1.5 4.91 -3.888 -4.37 -3.421 -3.803 -3.402 -4.628 -0.129 -2.341 2.046 0.942 2.233 -1.891 -4.177 2.76 -4.016 4.778 3.566 -0.553 1.758 0.667 
-1.128 -2.441 -4.923 -0.112 4.781 2.656 3.741 1.712 -0.876 -4.165 -2.911 -0.225 3.473 1.74 -3.698 -3.847 -3.007 -2.533 0.078 -2.033 2.515 -0.339 -0.904 -3.526 -2.898 -0.224 4.549 1.876 -4.201 2.253 4.332 -3.878 -1.557 -2.941 -4.108 3.857 -2.017 -1.787 -4.01 4.25 -4.325 1.347 -4.181 1.901 -2.196 -1.218 -0.993 2.251 -4.731 -3.46 -2.289 -3.698 3.441 -2.903 -4.562 -0.369 4.503 3.013 -2.115 4.5 -4.249 2.494 3.733 3.462 -4.789 0.414 -4.915 -1.169 2.391 4.764 -0.64 2.791 0.635 -1.443 1.008 1.157 -2.67 -3.166 0.004 4.713 1.095 4.084 -3.625 -2.361 -3.843 3.041 1.934 -3.825 1.68 
2.072 -1.196 3.319 3.293 1.058 -1.63 0.961 3.743 -4.309 -0.771 4.592 1.109 -2.606 2.167 1.136 -2.737 -3.206 -0.687 -0.228 4.99 -3.912 4.786 3.944 -0.388 -1.025 -4.545 2.098 3.425 2.815 2.211 -4.419 2.399 3.78 -1.366 2.985 2.985 -1.521 -4.604 -2.845 1.341 -3.242 1.221 2.364 -0.854 0.832 -0.049 -4.25 3.869 3.33 1.111 -2.965 0.126 -3.432 1.108 3.706 -3.114 3.471 1.609 3.034 -4.23 -2.184 -0.515 2.064 2.357 -3.282 4.837 1.408 0.792 2.748 -1.295 -0.2 -4.323 4.734 4.329 3.519 -3.695 2.977 -0.091 -1.172 4.898 4.06 1.701 1.183 -2.695 -1.513 3.5 -0.548 3.776 -3.258 
-0.304 1.496 -4.966 -0.773 1.092 4.724 -1.952 -3.287 -2.838 -0.982 -4.059 2.872 2.398 -3.234 1.52 -2.2 -4.898 -2.862 3.371 3.521 3.403 -1.069 1.073 -3.373 -4.498 3.686 -2.241 0.772 1.084 -0.747 0.678 0.835 -3.24 3.897 0.494 3.296 -4.014 1.887 -3.149 -2.051 4.802 0.326 -2.184 2.78 0.251 3.739 -2.826 3.722 -4.663 -1.001 -1.833 -2.312 -3.04 -3.533 -0.713 -3.401 -0.156 -4.743 -4.14 -4.782 4.933 -1.234 0.869 0.281 4.786 -0.303 -3.074 -4.176 3.275 0.347 -4.114 -4.356 -4.43 -0.52 -1.462 -3.845 -2.913 1.78 -2.241 -0.934 -4.658 4.116 -4.606 -4.668 1.36 4.664 0.125 -1.097 2.821 
4.456 3.001 -0.34 2.831 2.693 2.156 -2.001 -0.389 -3.593 -3.861 -0.31 -2.696 -1.111 2.625 -2.875 1.254 -1.293 -1.009 -3.452 2.916 -2.949 -4.925 -0.312 -1.282 -2.498 2.726 3.805 1.88 2.761 3.071 -1.63 -3.403 2.125 -2.474 -1.767 2.217 3.635 -3.511 0.033 -3.514 -0.251 -4.463 0.976 0.868 -0.349 0.368 -2.089 2.028 1.048 2.987 1.404 -3.079 1.583 -4.439 -3.877 0.624 0.839 4.593 0.612 3.381 3.914 3.635 2.332 4.692 -2.833 4.73 -3.055 3.39 -4.262 -3.016 0.512 -1.98 2.961 2.894 -1.372 -0.417 3.402 1.946 0.273 1.436 -3.776 1.275 -1.113 3.979 -1.16 -0.241 2.313 3.811 4.31 
-1.732 4.518 3.782 2.977 3.965 -2.63 -1.515 3.615 3.555 0.362 -2.051 2.096 -1.15 -0.698 -3.587 -3.688 -0.097 1.837 1.998 0.014 -0.145 -3.711 -2.19 -2.639 2.69 1.911 -0.585 -3.059 -1.82 -2.406 -1.394 4.291 3.277 1.554 2.249 1.576 -0.756 -3.673 3.339 -0.839 2.24 0.579 -0.91 -2.413 -0.641 -3.713 1.655 1.732 3.838 -0.509 3.56 2.764 -1.646 1.279 4.996 -4.628 -4.96 -0.936 -2.366 1.798 -4.708 -2.388 4.693 -4.862 -0.826 1.007 -2.954 4.171 -4.864 0.142 -3.184 -3.769 -1.505 0.506 4.177 -0.115 2.533 -1.247 1.72 -1.097 0.006 3.406 -4.192 1.077 -4.631 -4.733 1.564 4.388 4.981 
-2.024 -3.969 -2.401 4.576 -2.904 2.196 3.421 -1.076 -2.824 -2.265 -3.555 -4.304 -2.241 -4.586 0.98 -1.442 3.913 2.884 -0.01 4.312 -0.29 1.009 -0.141 -4.346 4.136 2.686 0.853 1.857 -3.76 3.587 3.37 4.486 -2.501 2.023 -1.346 -2.998 -2.105 -0.499 4.016 -3.743 -4.199 -3.038 -2.841 -0.198 2.296 -2.895 2.277 -0.443 -4.749 2.402 2.974 0.382 -2.931 -0.552 -0.278 0.248 3.891 -2.698 -1.003 -3.968 -3.459 -3.845 1.995 -4.342 2.576 -0.32 2.943 3.39 1.449 -0.109 -3.814 -3.506 -4.421 -3.476 2.773 -2.148 1.483 -3.299 -2.763 -2.655 4.867 0.136 -1.517 -3.408 2.341 -0.594 4.164 0.31 -0.249 
-0.508 1.499 -3.828 2.702 -2.578 4.326 -0.942 -2.682 -1.454 0.505 -4.057 -1.906 1.265 -2.387 4.784 -1.128 -1.853 -4.922 3.973 4.862 4.555 4.685 -4.128 -4.86 4.972 -3.17 -4.403 3.409 -2.152 2.464 -3.232 -4.543 -1.672 -2.912 -2.021 2.543 -2.39 -1.353 -3.159 4.138 -3.712 -4.355 0.133 -4.933 -3.413 -1.034 -0.257 -1.939 4.767 1.387 1.676 -0.524 -0.216 3.344 3.537 4.202 -1.617 0.832 -3.217 2.522 4.091 3.044 1.124 -1.911 4.904 -4.381 -4.856 4.818 4.409 -1.958 -3.909 -1.87 -2.903 0.285 3.849 -4.836 4.971 4.088 -3.297 -4.908 -4.538 -4.989 -1.228 4.937 -4.81 -1.236 1.355 2.426 -1.448 
-1.961 -2.623 -3.434 -1.402 -0.329 3.916 0.555 -3.591 -1.997 -0.465 -4.314 -2.67 -0.441 2.463 -0.168 -2.813 1.991 0.036 0.11 0.273 -2.591 1.66 -4.479 0.121 2.144 4.945 -3.6 0.094 -1.962 1.807 -4.094 -3.648 1.799 -3.275 0.435 2.31 0.008 -4.619 -4.756 0.062 0.811 -0.7 -2.25 -0.154 -0.791 -3.577 4.324 3.146 3.852 -4.517 4.269 1.862 3.184 3.711 -4.985 2.8 3.684 -0.954 -4.97 0.095 -0.707 0.729 3.405 1.315 0.256 -0.71 -1.839 -1.468 1.133 -0.711 -1.357 -0.518 2.427 -4.607 -0.615 0.727 0.614 2.63 3.215 -0.906 -1.68 -2.592 3.362 3.964 -3.374 2.048 2.856 3.864 0.395 
-4.357 0.88 2.09 2.166 1.164 -3.287 0.577 3.174 -3.898 -0.918 -4.364 2.219 1.348 2.774 0.838 -0.399 -3.686 3.496 3.332 2.9 -3.605 -3.148 -0.56 2.299 3.496 0.811 -1.11 4.701 -2.218 -1.032 0.613 4.794 -1.222 0.635 -1.139 2.534 4.526 0.533 1.501 -3.234 2.423 -2.148 -3.77 3.656 -3.882 4.356 1.59 -2.688 -2.881 -2.985 0.242 2.468 -3.138 3.852 -2.743 2.014 -3.233 -2.048 1.919 0.765 4.566 0.039 2.983 1.168 -0.778 -2.59 -1.53 -3.309 2.131 4.629 3.111 -0.039 -3.83 2.983 -3.08 -2.865 -2.929 -3.131 1.494 1.697 0.785 -0.904 0.557 -2.638 3.881 3.161 -0.99 -0.763 -2.469 
